*Heading
 E:\STRUCTURAL ENGINEERING\2nd sem\FEM\PROJECT_V2\GMSH\portal_frame
*NODE
1, 0, 0, 0
2, 0.25, 0, 0
3, 0.25, 1.2, 0
4, 0, 1.2, 0
13, 0, 0, 0.25
14, 0.25, 0, 0.25
15, 0.25, 1.2, 0.25
16, 0, 1.2, 0.25
25, 0.12499999999967, 0, 0
26, 0.25, 0.11999999999978, 0
27, 0.25, 0.23999999999948, 0
28, 0.25, 0.35999999999913, 0
29, 0.25, 0.4799999999988, 0
30, 0.25, 0.59999999999848, 0
31, 0.25, 0.71999999999877, 0
32, 0.25, 0.83999999999909, 0
33, 0.25, 0.9599999999994, 0
34, 0.25, 1.0799999999997, 0
35, 0.12500000000051, 1.2, 0
36, 0, 1.0800000000001, 0
37, 0, 0.96000000000056, 0
38, 0, 0.84000000000091, 0
39, 0, 0.72000000000121, 0
40, 0, 0.60000000000154, 0
41, 0, 0.48000000000124, 0
42, 0, 0.36000000000092, 0
43, 0, 0.2400000000006, 0
44, 0, 0.12000000000033, 0
97, 0.12499999999967, 0, 0.25
98, 0.25, 0.11999999999978, 0.25
99, 0.25, 0.23999999999948, 0.25
100, 0.25, 0.35999999999913, 0.25
101, 0.25, 0.4799999999988, 0.25
102, 0.25, 0.59999999999848, 0.25
103, 0.25, 0.71999999999877, 0.25
104, 0.25, 0.83999999999909, 0.25
105, 0.25, 0.9599999999994, 0.25
106, 0.25, 1.0799999999997, 0.25
107, 0.12500000000051, 1.2, 0.25
108, 0, 1.0800000000001, 0.25
109, 0, 0.96000000000056, 0.25
110, 0, 0.84000000000091, 0.25
111, 0, 0.72000000000121, 0.25
112, 0, 0.60000000000154, 0.25
113, 0, 0.48000000000124, 0.25
114, 0, 0.36000000000092, 0.25
115, 0, 0.2400000000006, 0.25
116, 0, 0.12000000000033, 0.25
117, 0, 0, 0.125
118, 0.25, 0, 0.125
119, 0.25, 1.2, 0.125
120, 0, 1.2, 0.125
181, 0.12499999999976, 0.12000000000005, 0
182, 0.12499999999984, 0.24000000000004, 0
183, 0.12499999999993, 0.36000000000002, 0
184, 0.12500000000001, 0.48000000000002, 0
185, 0.12500000000009, 0.60000000000001, 0
186, 0.12500000000018, 0.71999999999999, 0
187, 0.12500000000026, 0.84, 0
188, 0.12500000000035, 0.95999999999998, 0
189, 0.12500000000043, 1.0799999999999, 0
214, 0.12499999999967, 0, 0.125
215, 0.25, 0.11999999999978, 0.125
216, 0.25, 0.23999999999948, 0.125
217, 0.25, 0.35999999999913, 0.125
218, 0.25, 0.4799999999988, 0.125
219, 0.25, 0.59999999999848, 0.125
220, 0.25, 0.71999999999877, 0.125
221, 0.25, 0.83999999999909, 0.125
222, 0.25, 0.9599999999994, 0.125
223, 0.25, 1.0799999999997, 0.125
224, 0.12500000000051, 1.2, 0.125
225, 0, 1.0800000000001, 0.125
226, 0, 0.96000000000056, 0.125
227, 0, 0.84000000000091, 0.125
228, 0, 0.72000000000121, 0.125
229, 0, 0.60000000000154, 0.125
230, 0, 0.48000000000124, 0.125
231, 0, 0.36000000000092, 0.125
232, 0, 0.2400000000006, 0.125
233, 0, 0.12000000000033, 0.125
234, 0.12499999999976, 0.12000000000005, 0.25
235, 0.12499999999984, 0.24000000000004, 0.25
236, 0.12499999999993, 0.36000000000002, 0.25
237, 0.12500000000001, 0.48000000000002, 0.25
238, 0.12500000000009, 0.60000000000001, 0.25
239, 0.12500000000018, 0.71999999999999, 0.25
240, 0.12500000000026, 0.84, 0.25
241, 0.12500000000035, 0.95999999999998, 0.25
242, 0.12500000000043, 1.0799999999999, 0.25
319, 0.12499999999976, 0.12000000000005, 0.125
320, 0.12499999999984, 0.24000000000004, 0.125
321, 0.12499999999993, 0.36000000000002, 0.125
322, 0.12500000000001, 0.48000000000002, 0.125
323, 0.12500000000009, 0.60000000000001, 0.125
324, 0.12500000000018, 0.71999999999999, 0.125
325, 0.12500000000026, 0.84, 0.125
326, 0.12500000000035, 0.95999999999998, 0.125
327, 0.12500000000043, 1.0799999999999, 0.125
8, 2.05, 1.2, 0
10, 2.3, 1.2, 0
11, 2.3, 0, 0
12, 2.05, 0, 0
17, 2.05, 0, 0.25
18, 2.3, 0, 0.25
19, 2.3, 1.2, 0.25
20, 2.05, 1.2, 0.25
45, 2.175, 0, 0
46, 2.3, 0.11999999999978, 0
47, 2.3, 0.23999999999948, 0
48, 2.3, 0.35999999999913, 0
49, 2.3, 0.4799999999988, 0
50, 2.3, 0.59999999999848, 0
51, 2.3, 0.71999999999877, 0
52, 2.3, 0.83999999999909, 0
53, 2.3, 0.9599999999994, 0
54, 2.3, 1.0799999999997, 0
55, 2.175, 1.2, 0
56, 2.05, 1.0800000000001, 0
57, 2.05, 0.96000000000056, 0
58, 2.05, 0.84000000000091, 0
59, 2.05, 0.72000000000121, 0
60, 2.05, 0.60000000000154, 0
61, 2.05, 0.48000000000124, 0
62, 2.05, 0.36000000000092, 0
63, 2.05, 0.2400000000006, 0
64, 2.05, 0.12000000000033, 0
121, 2.175, 0, 0.25
122, 2.3, 0.11999999999978, 0.25
123, 2.3, 0.23999999999948, 0.25
124, 2.3, 0.35999999999913, 0.25
125, 2.3, 0.4799999999988, 0.25
126, 2.3, 0.59999999999848, 0.25
127, 2.3, 0.71999999999877, 0.25
128, 2.3, 0.83999999999909, 0.25
129, 2.3, 0.9599999999994, 0.25
130, 2.3, 1.0799999999997, 0.25
131, 2.175, 1.2, 0.25
132, 2.05, 1.0800000000001, 0.25
133, 2.05, 0.96000000000056, 0.25
134, 2.05, 0.84000000000091, 0.25
135, 2.05, 0.72000000000121, 0.25
136, 2.05, 0.60000000000154, 0.25
137, 2.05, 0.48000000000124, 0.25
138, 2.05, 0.36000000000092, 0.25
139, 2.05, 0.2400000000006, 0.25
140, 2.05, 0.12000000000033, 0.25
141, 2.05, 0, 0.125
142, 2.3, 0, 0.125
143, 2.3, 1.2, 0.125
144, 2.05, 1.2, 0.125
190, 2.175, 0.12000000000005, 0
191, 2.175, 0.24000000000004, 0
192, 2.175, 0.36000000000002, 0
193, 2.175, 0.48000000000002, 0
194, 2.175, 0.60000000000001, 0
195, 2.175, 0.71999999999999, 0
196, 2.175, 0.84, 0
197, 2.175, 0.95999999999998, 0
198, 2.175, 1.0799999999999, 0
243, 2.175, 0, 0.125
244, 2.3, 0.11999999999978, 0.125
245, 2.3, 0.23999999999948, 0.125
246, 2.3, 0.35999999999913, 0.125
247, 2.3, 0.4799999999988, 0.125
248, 2.3, 0.59999999999848, 0.125
249, 2.3, 0.71999999999877, 0.125
250, 2.3, 0.83999999999909, 0.125
251, 2.3, 0.9599999999994, 0.125
252, 2.3, 1.0799999999997, 0.125
253, 2.175, 1.2, 0.125
254, 2.05, 1.0800000000001, 0.125
255, 2.05, 0.96000000000056, 0.125
256, 2.05, 0.84000000000091, 0.125
257, 2.05, 0.72000000000121, 0.125
258, 2.05, 0.60000000000154, 0.125
259, 2.05, 0.48000000000124, 0.125
260, 2.05, 0.36000000000092, 0.125
261, 2.05, 0.2400000000006, 0.125
262, 2.05, 0.12000000000033, 0.125
263, 2.175, 0.12000000000005, 0.25
264, 2.175, 0.24000000000004, 0.25
265, 2.175, 0.36000000000002, 0.25
266, 2.175, 0.48000000000002, 0.25
267, 2.175, 0.60000000000001, 0.25
268, 2.175, 0.71999999999999, 0.25
269, 2.175, 0.84, 0.25
270, 2.175, 0.95999999999998, 0.25
271, 2.175, 1.0799999999999, 0.25
328, 2.175, 0.12000000000005, 0.125
329, 2.175, 0.24000000000004, 0.125
330, 2.175, 0.36000000000002, 0.125
331, 2.175, 0.48000000000002, 0.125
332, 2.175, 0.60000000000001, 0.125
333, 2.175, 0.71999999999999, 0.125
334, 2.175, 0.84, 0.125
335, 2.175, 0.95999999999998, 0.125
336, 2.175, 1.0799999999999, 0.125
5, 0, 1.45, 0
6, 0.25, 1.45, 0
21, 0.25, 1.45, 0.25
22, 0, 1.45, 0.25
65, 0.25, 1.325, 0
66, 0.12500000000051, 1.45, 0
67, 0, 1.325, 0
145, 0.25, 1.325, 0.25
146, 0.12500000000051, 1.45, 0.25
147, 0, 1.325, 0.25
148, 0.25, 1.45, 0.125
149, 0, 1.45, 0.125
199, 0.12500000000051, 1.325, 0
272, 0.25, 1.325, 0.125
273, 0.12500000000051, 1.45, 0.125
274, 0, 1.325, 0.125
275, 0.12500000000051, 1.325, 0.25
337, 0.12500000000051, 1.325, 0.125
7, 2.05, 1.45, 0
23, 2.05, 1.45, 0.25
68, 0.37857142857113, 1.2, 0
69, 0.50714285714229, 1.2, 0
70, 0.63571428571334, 1.2, 0
71, 0.76428571428443, 1.2, 0
72, 0.89285714285545, 1.2, 0
73, 1.0214285714266, 1.2, 0
74, 1.1499999999977, 1.2, 0
75, 1.2785714285695, 1.2, 0
76, 1.4071428571413, 1.2, 0
77, 1.535714285713, 1.2, 0
78, 1.6642857142848, 1.2, 0
79, 1.7928571428565, 1.2, 0
80, 1.9214285714283, 1.2, 0
81, 2.05, 1.325, 0
82, 1.921428571429, 1.45, 0
83, 1.7928571428579, 1.45, 0
84, 1.6642857142867, 1.45, 0
85, 1.5357142857155, 1.45, 0
86, 1.4071428571445, 1.45, 0
87, 1.2785714285734, 1.45, 0
88, 1.1500000000023, 1.45, 0
89, 1.0214285714305, 1.45, 0
90, 0.89285714285872, 1.45, 0
91, 0.76428571428697, 1.45, 0
92, 0.63571428571524, 1.45, 0
93, 0.5071428571435, 1.45, 0
94, 0.37857142857173, 1.45, 0
150, 0.37857142857113, 1.2, 0.25
151, 0.50714285714229, 1.2, 0.25
152, 0.63571428571334, 1.2, 0.25
153, 0.76428571428443, 1.2, 0.25
154, 0.89285714285545, 1.2, 0.25
155, 1.0214285714266, 1.2, 0.25
156, 1.1499999999977, 1.2, 0.25
157, 1.2785714285695, 1.2, 0.25
158, 1.4071428571413, 1.2, 0.25
159, 1.535714285713, 1.2, 0.25
160, 1.6642857142848, 1.2, 0.25
161, 1.7928571428565, 1.2, 0.25
162, 1.9214285714283, 1.2, 0.25
163, 2.05, 1.325, 0.25
164, 1.921428571429, 1.45, 0.25
165, 1.7928571428579, 1.45, 0.25
166, 1.6642857142867, 1.45, 0.25
167, 1.5357142857155, 1.45, 0.25
168, 1.4071428571445, 1.45, 0.25
169, 1.2785714285734, 1.45, 0.25
170, 1.1500000000023, 1.45, 0.25
171, 1.0214285714305, 1.45, 0.25
172, 0.89285714285872, 1.45, 0.25
173, 0.76428571428697, 1.45, 0.25
174, 0.63571428571524, 1.45, 0.25
175, 0.5071428571435, 1.45, 0.25
176, 0.37857142857173, 1.45, 0.25
177, 2.05, 1.45, 0.125
200, 0.37857142857143, 1.325, 0
201, 0.50714285714289, 1.325, 0
202, 0.63571428571429, 1.325, 0
203, 0.7642857142857, 1.325, 0
204, 0.89285714285709, 1.325, 0
205, 1.0214285714285, 1.325, 0
206, 1.15, 1.325, 0
207, 1.2785714285715, 1.325, 0
208, 1.4071428571429, 1.325, 0
209, 1.5357142857143, 1.325, 0
210, 1.6642857142857, 1.325, 0
211, 1.7928571428572, 1.325, 0
212, 1.9214285714286, 1.325, 0
276, 0.37857142857113, 1.2, 0.125
277, 0.50714285714229, 1.2, 0.125
278, 0.63571428571334, 1.2, 0.125
279, 0.76428571428443, 1.2, 0.125
280, 0.89285714285545, 1.2, 0.125
281, 1.0214285714266, 1.2, 0.125
282, 1.1499999999977, 1.2, 0.125
283, 1.2785714285695, 1.2, 0.125
284, 1.4071428571413, 1.2, 0.125
285, 1.535714285713, 1.2, 0.125
286, 1.6642857142848, 1.2, 0.125
287, 1.7928571428565, 1.2, 0.125
288, 1.9214285714283, 1.2, 0.125
289, 2.05, 1.325, 0.125
290, 1.921428571429, 1.45, 0.125
291, 1.7928571428579, 1.45, 0.125
292, 1.6642857142867, 1.45, 0.125
293, 1.5357142857155, 1.45, 0.125
294, 1.4071428571445, 1.45, 0.125
295, 1.2785714285734, 1.45, 0.125
296, 1.1500000000023, 1.45, 0.125
297, 1.0214285714305, 1.45, 0.125
298, 0.89285714285872, 1.45, 0.125
299, 0.76428571428697, 1.45, 0.125
300, 0.63571428571524, 1.45, 0.125
301, 0.5071428571435, 1.45, 0.125
302, 0.37857142857173, 1.45, 0.125
303, 0.37857142857143, 1.325, 0.25
304, 0.50714285714289, 1.325, 0.25
305, 0.63571428571429, 1.325, 0.25
306, 0.7642857142857, 1.325, 0.25
307, 0.89285714285709, 1.325, 0.25
308, 1.0214285714285, 1.325, 0.25
309, 1.15, 1.325, 0.25
310, 1.2785714285715, 1.325, 0.25
311, 1.4071428571429, 1.325, 0.25
312, 1.5357142857143, 1.325, 0.25
313, 1.6642857142857, 1.325, 0.25
314, 1.7928571428572, 1.325, 0.25
315, 1.9214285714286, 1.325, 0.25
338, 0.37857142857143, 1.325, 0.125
339, 0.50714285714289, 1.325, 0.125
340, 0.63571428571429, 1.325, 0.125
341, 0.7642857142857, 1.325, 0.125
342, 0.89285714285709, 1.325, 0.125
343, 1.0214285714285, 1.325, 0.125
344, 1.15, 1.325, 0.125
345, 1.2785714285715, 1.325, 0.125
346, 1.4071428571429, 1.325, 0.125
347, 1.5357142857143, 1.325, 0.125
348, 1.6642857142857, 1.325, 0.125
349, 1.7928571428572, 1.325, 0.125
350, 1.9214285714286, 1.325, 0.125
9, 2.3, 1.45, 0
24, 2.3, 1.45, 0.25
95, 2.3, 1.325, 0
96, 2.175, 1.45, 0
178, 2.3, 1.325, 0.25
179, 2.175, 1.45, 0.25
180, 2.3, 1.45, 0.125
213, 2.175, 1.325, 0
316, 2.3, 1.325, 0.125
317, 2.175, 1.45, 0.125
318, 2.175, 1.325, 0.25
351, 2.175, 1.325, 0.125
******* E L E M E N T S *************
*ELEMENT, type=C3D8, ELSET=Volume1
1, 1, 25, 181, 44, 117, 214, 319, 233
2, 117, 214, 319, 233, 13, 97, 234, 116
3, 44, 181, 182, 43, 233, 319, 320, 232
4, 233, 319, 320, 232, 116, 234, 235, 115
5, 43, 182, 183, 42, 232, 320, 321, 231
6, 232, 320, 321, 231, 115, 235, 236, 114
7, 42, 183, 184, 41, 231, 321, 322, 230
8, 231, 321, 322, 230, 114, 236, 237, 113
9, 41, 184, 185, 40, 230, 322, 323, 229
10, 230, 322, 323, 229, 113, 237, 238, 112
11, 40, 185, 186, 39, 229, 323, 324, 228
12, 229, 323, 324, 228, 112, 238, 239, 111
13, 39, 186, 187, 38, 228, 324, 325, 227
14, 228, 324, 325, 227, 111, 239, 240, 110
15, 38, 187, 188, 37, 227, 325, 326, 226
16, 227, 325, 326, 226, 110, 240, 241, 109
17, 37, 188, 189, 36, 226, 326, 327, 225
18, 226, 326, 327, 225, 109, 241, 242, 108
19, 36, 189, 35, 4, 225, 327, 224, 120
20, 225, 327, 224, 120, 108, 242, 107, 16
21, 25, 2, 26, 181, 214, 118, 215, 319
22, 214, 118, 215, 319, 97, 14, 98, 234
23, 181, 26, 27, 182, 319, 215, 216, 320
24, 319, 215, 216, 320, 234, 98, 99, 235
25, 182, 27, 28, 183, 320, 216, 217, 321
26, 320, 216, 217, 321, 235, 99, 100, 236
27, 183, 28, 29, 184, 321, 217, 218, 322
28, 321, 217, 218, 322, 236, 100, 101, 237
29, 184, 29, 30, 185, 322, 218, 219, 323
30, 322, 218, 219, 323, 237, 101, 102, 238
31, 185, 30, 31, 186, 323, 219, 220, 324
32, 323, 219, 220, 324, 238, 102, 103, 239
33, 186, 31, 32, 187, 324, 220, 221, 325
34, 324, 220, 221, 325, 239, 103, 104, 240
35, 187, 32, 33, 188, 325, 221, 222, 326
36, 325, 221, 222, 326, 240, 104, 105, 241
37, 188, 33, 34, 189, 326, 222, 223, 327
38, 326, 222, 223, 327, 241, 105, 106, 242
39, 189, 34, 3, 35, 327, 223, 119, 224
40, 327, 223, 119, 224, 242, 106, 15, 107
*ELEMENT, type=C3D8, ELSET=Volume2
41, 12, 45, 190, 64, 141, 243, 328, 262
42, 141, 243, 328, 262, 17, 121, 263, 140
43, 64, 190, 191, 63, 262, 328, 329, 261
44, 262, 328, 329, 261, 140, 263, 264, 139
45, 63, 191, 192, 62, 261, 329, 330, 260
46, 261, 329, 330, 260, 139, 264, 265, 138
47, 62, 192, 193, 61, 260, 330, 331, 259
48, 260, 330, 331, 259, 138, 265, 266, 137
49, 61, 193, 194, 60, 259, 331, 332, 258
50, 259, 331, 332, 258, 137, 266, 267, 136
51, 60, 194, 195, 59, 258, 332, 333, 257
52, 258, 332, 333, 257, 136, 267, 268, 135
53, 59, 195, 196, 58, 257, 333, 334, 256
54, 257, 333, 334, 256, 135, 268, 269, 134
55, 58, 196, 197, 57, 256, 334, 335, 255
56, 256, 334, 335, 255, 134, 269, 270, 133
57, 57, 197, 198, 56, 255, 335, 336, 254
58, 255, 335, 336, 254, 133, 270, 271, 132
59, 56, 198, 55, 8, 254, 336, 253, 144
60, 254, 336, 253, 144, 132, 271, 131, 20
61, 45, 11, 46, 190, 243, 142, 244, 328
62, 243, 142, 244, 328, 121, 18, 122, 263
63, 190, 46, 47, 191, 328, 244, 245, 329
64, 328, 244, 245, 329, 263, 122, 123, 264
65, 191, 47, 48, 192, 329, 245, 246, 330
66, 329, 245, 246, 330, 264, 123, 124, 265
67, 192, 48, 49, 193, 330, 246, 247, 331
68, 330, 246, 247, 331, 265, 124, 125, 266
69, 193, 49, 50, 194, 331, 247, 248, 332
70, 331, 247, 248, 332, 266, 125, 126, 267
71, 194, 50, 51, 195, 332, 248, 249, 333
72, 332, 248, 249, 333, 267, 126, 127, 268
73, 195, 51, 52, 196, 333, 249, 250, 334
74, 333, 249, 250, 334, 268, 127, 128, 269
75, 196, 52, 53, 197, 334, 250, 251, 335
76, 334, 250, 251, 335, 269, 128, 129, 270
77, 197, 53, 54, 198, 335, 251, 252, 336
78, 335, 251, 252, 336, 270, 129, 130, 271
79, 198, 54, 10, 55, 336, 252, 143, 253
80, 336, 252, 143, 253, 271, 130, 19, 131
*ELEMENT, type=C3D8, ELSET=Volume3
81, 4, 35, 199, 67, 120, 224, 337, 274
82, 120, 224, 337, 274, 16, 107, 275, 147
83, 67, 199, 66, 5, 274, 337, 273, 149
84, 274, 337, 273, 149, 147, 275, 146, 22
85, 35, 3, 65, 199, 224, 119, 272, 337
86, 224, 119, 272, 337, 107, 15, 145, 275
87, 199, 65, 6, 66, 337, 272, 148, 273
88, 337, 272, 148, 273, 275, 145, 21, 146
*ELEMENT, type=C3D8, ELSET=Volume4
89, 3, 68, 200, 65, 119, 276, 338, 272
90, 119, 276, 338, 272, 15, 150, 303, 145
91, 65, 200, 94, 6, 272, 338, 302, 148
92, 272, 338, 302, 148, 145, 303, 176, 21
93, 68, 69, 201, 200, 276, 277, 339, 338
94, 276, 277, 339, 338, 150, 151, 304, 303
95, 200, 201, 93, 94, 338, 339, 301, 302
96, 338, 339, 301, 302, 303, 304, 175, 176
97, 69, 70, 202, 201, 277, 278, 340, 339
98, 277, 278, 340, 339, 151, 152, 305, 304
99, 201, 202, 92, 93, 339, 340, 300, 301
100, 339, 340, 300, 301, 304, 305, 174, 175
101, 70, 71, 203, 202, 278, 279, 341, 340
102, 278, 279, 341, 340, 152, 153, 306, 305
103, 202, 203, 91, 92, 340, 341, 299, 300
104, 340, 341, 299, 300, 305, 306, 173, 174
105, 71, 72, 204, 203, 279, 280, 342, 341
106, 279, 280, 342, 341, 153, 154, 307, 306
107, 203, 204, 90, 91, 341, 342, 298, 299
108, 341, 342, 298, 299, 306, 307, 172, 173
109, 72, 73, 205, 204, 280, 281, 343, 342
110, 280, 281, 343, 342, 154, 155, 308, 307
111, 204, 205, 89, 90, 342, 343, 297, 298
112, 342, 343, 297, 298, 307, 308, 171, 172
113, 73, 74, 206, 205, 281, 282, 344, 343
114, 281, 282, 344, 343, 155, 156, 309, 308
115, 205, 206, 88, 89, 343, 344, 296, 297
116, 343, 344, 296, 297, 308, 309, 170, 171
117, 74, 75, 207, 206, 282, 283, 345, 344
118, 282, 283, 345, 344, 156, 157, 310, 309
119, 206, 207, 87, 88, 344, 345, 295, 296
120, 344, 345, 295, 296, 309, 310, 169, 170
121, 75, 76, 208, 207, 283, 284, 346, 345
122, 283, 284, 346, 345, 157, 158, 311, 310
123, 207, 208, 86, 87, 345, 346, 294, 295
124, 345, 346, 294, 295, 310, 311, 168, 169
125, 76, 77, 209, 208, 284, 285, 347, 346
126, 284, 285, 347, 346, 158, 159, 312, 311
127, 208, 209, 85, 86, 346, 347, 293, 294
128, 346, 347, 293, 294, 311, 312, 167, 168
129, 77, 78, 210, 209, 285, 286, 348, 347
130, 285, 286, 348, 347, 159, 160, 313, 312
131, 209, 210, 84, 85, 347, 348, 292, 293
132, 347, 348, 292, 293, 312, 313, 166, 167
133, 78, 79, 211, 210, 286, 287, 349, 348
134, 286, 287, 349, 348, 160, 161, 314, 313
135, 210, 211, 83, 84, 348, 349, 291, 292
136, 348, 349, 291, 292, 313, 314, 165, 166
137, 79, 80, 212, 211, 287, 288, 350, 349
138, 287, 288, 350, 349, 161, 162, 315, 314
139, 211, 212, 82, 83, 349, 350, 290, 291
140, 349, 350, 290, 291, 314, 315, 164, 165
141, 80, 8, 81, 212, 288, 144, 289, 350
142, 288, 144, 289, 350, 162, 20, 163, 315
143, 212, 81, 7, 82, 350, 289, 177, 290
144, 350, 289, 177, 290, 315, 163, 23, 164
*ELEMENT, type=C3D8, ELSET=Volume5
145, 8, 55, 213, 81, 144, 253, 351, 289
146, 144, 253, 351, 289, 20, 131, 318, 163
147, 81, 213, 96, 7, 289, 351, 317, 177
148, 289, 351, 317, 177, 163, 318, 179, 23
149, 55, 10, 95, 213, 253, 143, 316, 351
150, 253, 143, 316, 351, 131, 19, 178, 318
151, 213, 95, 9, 96, 351, 316, 180, 317
152, 351, 316, 180, 317, 318, 178, 24, 179
*ELSET,ELSET=Frame
1, 2, 3, 4, 5, 6, 7, 8, 9, 10, 
11, 12, 13, 14, 15, 16, 17, 18, 19, 20, 
21, 22, 23, 24, 25, 26, 27, 28, 29, 30, 
31, 32, 33, 34, 35, 36, 37, 38, 39, 40, 
41, 42, 43, 44, 45, 46, 47, 48, 49, 50, 
51, 52, 53, 54, 55, 56, 57, 58, 59, 60, 
61, 62, 63, 64, 65, 66, 67, 68, 69, 70, 
71, 72, 73, 74, 75, 76, 77, 78, 79, 80, 
81, 82, 83, 84, 85, 86, 87, 88, 89, 90, 
91, 92, 93, 94, 95, 96, 97, 98, 99, 100, 
101, 102, 103, 104, 105, 106, 107, 108, 109, 110, 
111, 112, 113, 114, 115, 116, 117, 118, 119, 120, 
121, 122, 123, 124, 125, 126, 127, 128, 129, 130, 
131, 132, 133, 134, 135, 136, 137, 138, 139, 140, 
141, 142, 143, 144, 145, 146, 147, 148, 149, 150, 
151, 152, 
*NSET,NSET=Frame
1, 2, 3, 4, 5, 6, 7, 8, 9, 10, 
11, 12, 13, 14, 15, 16, 17, 18, 19, 20, 
21, 22, 23, 24, 25, 26, 27, 28, 29, 30, 
31, 32, 33, 34, 35, 36, 37, 38, 39, 40, 
41, 42, 43, 44, 45, 46, 47, 48, 49, 50, 
51, 52, 53, 54, 55, 56, 57, 58, 59, 60, 
61, 62, 63, 64, 65, 66, 67, 68, 69, 70, 
71, 72, 73, 74, 75, 76, 77, 78, 79, 80, 
81, 82, 83, 84, 85, 86, 87, 88, 89, 90, 
91, 92, 93, 94, 95, 96, 97, 98, 99, 100, 
101, 102, 103, 104, 105, 106, 107, 108, 109, 110, 
111, 112, 113, 114, 115, 116, 117, 118, 119, 120, 
121, 122, 123, 124, 125, 126, 127, 128, 129, 130, 
131, 132, 133, 134, 135, 136, 137, 138, 139, 140, 
141, 142, 143, 144, 145, 146, 147, 148, 149, 150, 
151, 152, 153, 154, 155, 156, 157, 158, 159, 160, 
161, 162, 163, 164, 165, 166, 167, 168, 169, 170, 
171, 172, 173, 174, 175, 176, 177, 178, 179, 180, 
181, 182, 183, 184, 185, 186, 187, 188, 189, 190, 
191, 192, 193, 194, 195, 196, 197, 198, 199, 200, 
201, 202, 203, 204, 205, 206, 207, 208, 209, 210, 
211, 212, 213, 214, 215, 216, 217, 218, 219, 220, 
221, 222, 223, 224, 225, 226, 227, 228, 229, 230, 
231, 232, 233, 234, 235, 236, 237, 238, 239, 240, 
241, 242, 243, 244, 245, 246, 247, 248, 249, 250, 
251, 252, 253, 254, 255, 256, 257, 258, 259, 260, 
261, 262, 263, 264, 265, 266, 267, 268, 269, 270, 
271, 272, 273, 274, 275, 276, 277, 278, 279, 280, 
281, 282, 283, 284, 285, 286, 287, 288, 289, 290, 
291, 292, 293, 294, 295, 296, 297, 298, 299, 300, 
301, 302, 303, 304, 305, 306, 307, 308, 309, 310, 
311, 312, 313, 314, 315, 316, 317, 318, 319, 320, 
321, 322, 323, 324, 325, 326, 327, 328, 329, 330, 
331, 332, 333, 334, 335, 336, 337, 338, 339, 340, 
341, 342, 343, 344, 345, 346, 347, 348, 349, 350, 
351, 
